1 3.71452238834 0
1 32.4642569292 1
1 11.6239732295 5
1 0.507160073283 10
1 0.152613298512 15
1 0.10101138964 20
10 3.73423094684 0
10 8.87082976296 1
10 2.39972680676 5
10 0.486838212533 10
10 0.339226306954 15
10 0.121390647121 20
100 0.39885012228 0
100 0.958963639266 1
100 0.171444461464 5
100 0.0721595922797 10
100 0.0591057504873 15
100 0.0353627052211 20
500 0.202976678794 0
500 0.377999599753 1
500 0.0608169115676 5
500 0.0197627819956 10
500 0.0122778488831 15
500 0.00915674379304 20
1000 0.149510077048 0
1000 0.231975551106 1
1000 0.0452524424856 5
1000 0.0120055538587 10
1000 0.0107761049039 15
1000 0.00675630894358 20
